feature;importance;importance_percentage;cumulative_importance_percentage
bearish_repeatAskBid_ratio;-0.008712404;5.2443004;5.2443004
bearish_market_context_score;-0.0070963195;4.271522;9.515822
bearish_volume_quality;-0.006676537;4.018841;13.534663
diffPriceCloseVWAP;-0.0040512662;2.4385984;15.973262
bullish_repeatAskBid_ratio;0.0040211948;2.4204974;18.393759
bearish_dsc_ask_bid_delta_imbalance;-0.0038341028;2.3078802;20.70164
VolCandleMeanxRatio;-0.0036421043;2.1923096;22.89395
bearish_extrem_abs_ratio_extrem;0.003418322;2.0576072;24.951557
diffLowPrice_0_1;0.0033615206;2.0234163;26.974974
bearish_activity_volume_score;-0.0032993562;1.9859976;28.960972
bullish_absorption_score;-0.00304255;1.831417;30.792389
deltaTimestampOpeningSection1min;-0.0027130148;1.6330583;32.425446
price_volume_dynamic;0.0026282223;1.5820186;34.007465
bearish_market_momentum;0.0026033192;1.5670286;35.574493
bearish_extrem_revIntensity_ratio_extrem;0.0020920574;1.2592824;36.833775
bearish_ask_score;0.001895292;1.1408423;37.974617
deltaTimestampOpeningSection5min;0.0018658625;1.1231277;39.097744
perct_VA21P;-0.0018554643;1.1168686;40.21461
bearish_combined_pressure;0.0017886512;1.0766516;41.291264
perct_VA6P;-0.0017729704;1.0672127;42.358475
bandWidthBB;-0.0017347721;1.0442199;43.402695
extrem_asc_dsc_comparison_bearish_extrem;-0.0017237946;1.0376121;44.440308
ratio_delta_vol_VA21P;-0.0017218065;1.0364153;45.476723
diffVolCandle_0_1Ratio;-0.0015940827;0.95953393;46.436256
poc_diff_ratio_6P_16P;-0.001593364;0.95910144;47.39536
diffHighPrice_0_3;0.0015776112;0.9496192;48.34498
overlap_ratio_VA_6P_16P;0.0015755891;0.948402;49.29338
bearish_extreme_volume_score;0.0014551469;0.87590367;50.169285
diffPriceClose_VA6PvaL;-0.0014516605;0.8738051;51.04309
bear_imbalance_low_0;0.0014037404;0.8449603;51.88805
perct_VA16P;-0.0013835758;0.83282256;52.72087
market_regimeADX;0.001296914;0.7806577;53.50153
bullish_ask_score;-0.0012849513;0.773457;54.274986
bearish_repeat_ticks_ratio_extrem;-0.0012756586;0.7678634;55.04285
diffPriceClose_VA16PvaH;0.0012441839;0.74891764;55.791767
pocDeltaPocVolRatio;0.0011963784;0.7201419;56.51191
perct_VA11P;-0.0011929467;0.7180762;57.229984
bearish_imnbScore_score;0.0011902449;0.7164499;57.946434
diffVolDelta_0_1Ratio;-0.0011824139;0.7117362;58.65817
range_strength_5_23;0.0011742442;0.7068186;59.364986
ratio_delta_vol_VA16P;-0.0011159143;0.67170775;60.036694
ratio_delta_vol_VA11P;-0.0011146279;0.6709334;60.707626
poc_diff_ratio_6P_21P;-0.0010919322;0.65727204;61.3649
extrem_asc_ratio_bearish_extrem;0.0010903751;0.6563348;62.021233
bullish_activity_volume_score;-0.0010858456;0.6536084;62.674843
bull_imbalance_high_0;-0.0010819184;0.6512444;63.326088
bull_imbalance_high_2;0.0010575093;0.63655174;63.96264
imbalance_score_low;-0.0010053378;0.6051479;64.56779
overlap_ratio_VA_6P_21P;0.0010052162;0.60507464;65.17286
bullish_dsc_ask_bid_delta_imbalance;-0.0009782788;0.58886015;65.76172
bearish_extrem_zone_volume_ratio_extrem;0.00092790346;0.5585374;66.32026
diffPriceClosePoc_0_2;0.0009277805;0.55846345;66.87872
bull_imbalance_low_1;0.00091933634;0.5533806;67.432106
diffPriceCloseVWAPbyIndex;-0.00091596146;0.55134916;67.98345
bull_imbalance_low_2;-0.0009123479;0.5491741;68.53262
cumDiffVolDeltaRatio;-0.00090220204;0.54306686;69.07569
VolPocVolCandleRatio;-0.0008990926;0.54119515;69.61689
diffHighPrice_0_4;-0.00089019677;0.5358405;70.15273
bearish_absorption_intensity_repeat_count;0.0008867766;0.53378177;70.686516
bear_imbalance_low_2;-0.0008859343;0.53327477;71.21979
bearish_extrem_dsc_ratio_extrem;0.00088365667;0.53190374;71.75169
diffPriceClose_VA21PvaH;-0.0008776898;0.5283121;72.28001
bearish_ask_abs_ratio_abv;-0.0008770731;0.52794087;72.807945
atr;-0.00084884773;0.51095104;73.31889
ratio_delta_vol_VA6P;0.00082443486;0.49625608;73.81515
bullish_absorption_intensity_repeat_count;-0.0008220821;0.4948399;74.30999
extrem_ask_bid_imbalance_bearish_extrem;0.00082195323;0.49476233;74.80475
bearish_dsc_dynamics;-0.0007858609;0.4730371;75.27779
bull_imbalance_low_3;0.0007831344;0.4713959;75.74918
absorption_intensity_repeat_bearish_vol;0.000783053;0.4713469;76.22053
bullish_ask_bid_ratio;0.0007738086;0.4657824;76.68631
bear_imbalance_high_2;0.0007625901;0.4590296;77.14534
bearish_imbalance_evolution;-0.0007610571;0.45810676;77.60345
bullish_asc_dsc_ratio;-0.0007570083;0.4556697;78.05912
diffHighPrice_0_1;0.00074853294;0.45056808;78.50969
diffPriceClose_VA21PvaL;0.0007460943;0.44910014;78.958786
bearish_bid_abs_ratio_abv;0.0007154331;0.43064412;79.38943
bullish_market_momentum;0.00071504875;0.43041277;79.81984
bullish_reversal_force;-0.0007127548;0.42903194;80.24887
vol_volatility_score;0.0007083351;0.42637157;80.67524
bearish_extrem_vs_rest_activity_extrem;-0.00068894896;0.4147024;81.08994
perctBB;0.00068825186;0.41428277;81.50423
bearish_continuation_vs_reversal_extrem;0.0006868932;0.41346493;81.917694
bullish_absorption_ratio;0.0006445917;0.38800222;82.305695
range_strength_10_32;-0.0006437376;0.38748813;82.693184
diffPriceClosePoc_0_3;0.0006407932;0.38571575;83.0789
bearish_asc_dynamics;-0.0006374525;0.3837049;83.46261
bullish_imnbScore_score;-0.0006324291;0.38068113;83.84329
count_blw_tot_ratio;-0.0006184607;0.37227306;84.21557
extrem_zone_significance_bearish_extrem;0.0006058342;0.36467272;84.58024
diffHighPrice_0_2;0.000596222;0.3588868;84.939125
bullish_asc_ask_bid_delta_imbalance;0.0005912552;0.35589713;85.29502
bullish_combined_pressure;0.0005885438;0.35426503;85.649284
bear_imbalance_high_3;0.00058096956;0.34970582;85.99899
overlap_ratio_VA_6P_11P;-0.00055819686;0.33599815;86.33499
bearish_absorption_score;0.0005531752;0.33297545;86.66797
diffPriceClose_VA16PPoc;0.0005505619;0.3314024;86.999374
bear_imbalance_high_1;0.00054627913;0.32882446;87.3282
bearish_bid_score;-0.00053955545;0.32477725;87.65298
bullish_imbalance_evolution;-0.0005319597;0.3202051;87.97318
bearish_absorption_ratio;0.00053028075;0.31919447;88.29237
overlap_ratio_VA_11P_21P;-0.0005273598;0.31743625;88.60981
bullish_bid_ratio;-0.0005146571;0.30979007;88.9196
bearish_asc_ask_bid_delta_imbalance;-0.00051028683;0.30715942;89.22676
diffPriceClose_VA11PvaH;0.0005026843;0.30258325;89.52934
diffPriceClosePoc_0_5;0.00050084956;0.30147883;89.83082
bullish_dsc_dynamics;-0.0005003717;0.30119115;90.13201
absorption_intensity_repeat_bullish_vol;-0.0004991229;0.30043948;90.43245
deltaTimestampOpeningSection30min;-0.0004970075;0.29916614;90.73161
diffLowPrice_0_2;0.00049470604;0.2977808;91.029396
bull_imbalance_high_1;0.0004931042;0.29681662;91.32621
bearish_reversal_force;-0.00048962684;0.29472348;91.62093
count_AbvBlw_asym_ratio;-0.00048711462;0.29321128;91.91415
diffPriceClose_VA11PvaL;-0.00048662222;0.29291487;92.20706
bear_imbalance_low_1;0.00048161857;0.28990299;92.49696
bullish_bid_score;0.00048019597;0.2890467;92.78601
diffLowPrice_0_5;0.0004718677;0.28403363;93.070045
bullish_market_context_score;0.0004637076;0.2791218;93.34917
bearish_asc_ask_bid_imbalance;0.00045384554;0.27318546;93.62235
diffLowPrice_0_3;0.00043755834;0.26338163;93.885735
diffPriceClose_VA16PvaL;0.00043664474;0.2628317;94.14857
diffHighPrice_0_5;-0.00043612262;0.26251742;94.41109
poc_diff_6P_21P;0.00043160445;0.25979775;94.67088
bearish_ask_bid_ratio;0.00043146487;0.25971377;94.930595
diffPriceClosePoc_0_4;-0.00042773766;0.2574702;95.188065
imbalance_score_high;-0.00038827115;0.23371394;95.421776
poc_diff_11P_21P;-0.00038191423;0.2298875;95.651665
bullish_bid_abs_ratio_blw;0.00036389308;0.21903995;95.870705
bullish_ask_abs_ratio_blw;0.00035409365;0.21314132;96.08385
bearish_asc_dsc_ratio;-0.00035121338;0.21140759;96.29526
bearish_abs_diff_abv;0.0003305846;0.19899039;96.49425
diffPriceClose_VA21PPoc;0.00030991578;0.18654911;96.68079
poc_diff_6P_16P;0.00030620603;0.18431608;96.86511
diffPriceClosePoc_0_1;0.00030408415;0.18303886;97.04815
bullish_asc_dynamics;-0.00030037062;0.18080355;97.22895
poc_diff_ratio_11P_21P;-0.00029590182;0.17811362;97.40707
diffPriceClose_VA11PPoc;0.00028532997;0.17175007;97.57882
bullish_ask_ratio;0.0002624214;0.1579606;97.73678
poc_diff_ratio_6P_11P;0.00025875328;0.15575261;97.89253
bearish_extrem_pressure_ratio_extrem;0.00024224554;0.14581603;98.038345
diffPriceClose_VA6PvaH;-0.00023811133;0.14332752;98.18167
bearish_ask_ratio;0.0002321837;0.13975945;98.321434
bullish_dsc_ask_bid_imbalance;-0.00022738053;0.13686827;98.458305
ratioDeltaBlw;0.00022688092;0.13656753;98.59487
poc_diff_6P_11P;0.00022011473;0.13249473;98.72736
diffPriceClose_VA6PPoc;0.00021618923;0.13013184;98.8575
ratioDeltaAbv;0.00021467448;0.12922005;98.98672
bullish_asc_ask_bid_imbalance;0.0002090635;0.12584262;99.11256
bearish_dsc_ask_bid_imbalance;-0.00019126215;0.11512736;99.227684
bullish_abs_diff_blw;0.00017690263;0.10648386;99.33417
diffLowPrice_0_4;0.00016116047;0.09700811;99.431175
deltaTimestampOpeningSection15min;0.00015673976;0.09434713;99.52552
count_abv_tot_ratio;0.00013042262;0.078505926;99.60403
bearish_bid_ratio;0.00012356011;0.07437514;99.6784
diffPriceClosePoc_0_0;0.00012262962;0.07381505;99.75221
VolBlw_vol_ratio;-0.00010677058;0.06426893;99.81648
asymetrie_volume;7.854405e-05;0.0472784;99.86376
candleSizeTicks;6.525839e-05;0.0392813;99.903046
finished_auction_high;-4.9734415e-05;0.029936878;99.93298
VolAbv_vol_ratio;-4.8304315e-05;0.029076051;99.96206
finished_auction_low;3.552532e-05;0.02138393;99.983444
deltaCustomSectionMin;-2.1135304e-05;0.012722076;99.99617
is_in_range_5_23;6.351524e-06;0.003823204;99.99999
bullish_volume_quality;0.0;0.0;99.99999
bullish_extreme_volume_score;0.0;0.0;99.99999
bullish_extrem_pressure_ratio_extrem;0.0;0.0;99.99999
extrem_asc_dsc_comparison_bullish_extrem;0.0;0.0;99.99999
extrem_ask_bid_imbalance_bullish;0.0;0.0;99.99999
extrem_zone_significance_bullish_extrem;0.0;0.0;99.99999
extrem_dsc_ratio_bullish_extrem;0.0;0.0;99.99999
extrem_asc_ratio_bullish_extrem;0.0;0.0;99.99999
bullish_repeat_ticks_ratio_extrem;0.0;0.0;99.99999
bullish_continuation_vs_reversal_extrem;0.0;0.0;99.99999
bullish_extrem_vs_rest_activity_extrem;0.0;0.0;99.99999
bullish_extrem_abs_ratio_extrem;0.0;0.0;99.99999
bullish_extrem_zone_volume_ratio_extrem;0.0;0.0;99.99999
bullish_extrem_revIntensity_ratio_extrem;0.0;0.0;99.99999
is_in_range_10_32;0.0;0.0;99.99999
session_type;0.0;0.0;99.99999
