feature;importance;importance_percentage;cumulative_importance_percentage
bearish_volume_quality;-0.0031244007;8.332135;8.332135
bearish_repeatAskBid_ratio;-0.0027022855;7.206441;15.538576
bullish_repeatAskBid_ratio;-0.002493016;6.6483617;22.186937
bearish_market_context_score;-0.0020530536;5.4750724;27.66201
diffPriceCloseVWAP;-0.0016751675;4.467328;32.129337
bearish_repeat_ticks_ratio_extrem;0.0011453143;3.0543182;35.183655
bullish_activity_volume_score;0.0011293099;3.0116377;38.195293
diffLowPrice_0_1;-0.0010003969;2.6678534;40.863148
bearish_dsc_ask_bid_delta_imbalance;0.0008989836;2.397405;43.26055
bearish_combined_pressure;-0.0008945576;2.3856015;45.646152
bullish_market_momentum;-0.0008809618;2.3493443;47.9955
VolCandleMeanxRatio;0.0008380578;2.2349281;50.230427
bearish_activity_volume_score;0.0008028874;2.141136;52.371563
diffPriceClosePoc_0_1;-0.00067773176;1.8073715;54.178936
bearish_ask_score;0.0005574115;1.4865022;55.66544
diffPriceClose_VA16PvaH;-0.00055280427;1.4742155;57.139656
diffPriceClosePoc_0_2;0.0005044346;1.3452234;58.48488
bullish_absorption_intensity_repeat_count;0.00050315436;1.3418094;59.826687
bearish_dsc_ask_bid_imbalance;0.00049833825;1.3289658;61.15565
bearish_extrem_dsc_ratio_extrem;0.0004493143;1.198229;62.35388
extrem_ask_bid_imbalance_bearish_extrem;0.00044584408;1.1889746;63.54286
bull_imbalance_high_2;0.00043675816;1.1647444;64.7076
market_regimeADX;-0.00041809698;1.1149788;65.822586
price_volume_dynamic;-0.00040398526;1.0773457;66.89993
bullish_asc_dynamics;0.000385034;1.0268067;67.92674
bearish_extreme_volume_score;0.00036538174;0.97439814;68.90114
bearish_absorption_ratio;0.0003634844;0.9693383;69.870476
bearish_extrem_abs_ratio_extrem;0.0003482419;0.9286897;70.799164
diffPriceClosePoc_0_3;0.0003268906;0.8717502;71.67091
atr;-0.00032348852;0.8626775;72.53359
pocDeltaPocVolRatio;0.0003082342;0.82199734;73.35559
bearish_bid_abs_ratio_abv;0.00030585012;0.81563944;74.17123
deltaTimestampOpeningSection5min;0.00030133576;0.8036006;74.97483
absorption_intensity_repeat_bearish_vol;0.00030026058;0.8007334;75.775566
bearish_asc_dynamics;-0.00029022823;0.7739791;76.549545
ratio_delta_vol_VA11P;-0.00026577225;0.70876;77.25831
vol_volatility_score;0.00026263058;0.7003819;77.95869
diffHighPrice_0_1;0.00024903938;0.66413695;78.622826
poc_diff_ratio_6P_21P;0.00024886837;0.66368085;79.28651
bearish_imnbScore_score;-0.00024731745;0.6595449;79.94605
diffVolDelta_0_1Ratio;-0.000246539;0.6574689;80.60352
deltaTimestampOpeningSection30min;-0.0002448414;0.65294176;81.25646
cumDiffVolDeltaRatio;0.00023823843;0.635333;81.89179
bearish_extrem_revIntensity_ratio_extrem;-0.00023059045;0.6149374;82.50673
bullish_ask_score;-0.00022221902;0.5926125;83.09934
bull_imbalance_high_1;0.00022195878;0.5919185;83.69126
bandWidthBB;0.0002136124;0.5696604;84.260925
extrem_asc_ratio_bearish_extrem;0.00021261467;0.56699973;84.82793
diffHighPrice_0_2;0.0002068467;0.5516177;85.37955
diffPriceClose_VA11PPoc;-0.00020229493;0.5394791;85.91903
diffLowPrice_0_2;0.00018046449;0.48126173;86.40029
diffPriceClose_VA11PvaL;-0.0001778854;0.47438386;86.87467
bullish_asc_ask_bid_imbalance;0.00016925362;0.45136464;87.326035
bearish_extrem_zone_volume_ratio_extrem;0.0001677353;0.44731563;87.77335
bearish_ask_ratio;-0.000166402;0.44375998;88.21712
bear_imbalance_low_0;0.00016574317;0.44200304;88.65912
diffPriceCloseVWAPbyIndex;-0.00016492137;0.43981144;89.09893
bullish_dsc_ask_bid_imbalance;-0.00016359083;0.43626314;89.535194
bearish_extrem_pressure_ratio_extrem;0.00015499811;0.41334814;89.94854
bearish_dsc_dynamics;-0.00015408093;0.41090223;90.35944
bearish_extrem_vs_rest_activity_extrem;-0.0001500747;0.40021843;90.75966
bear_imbalance_high_2;0.00013620158;0.36322165;91.12288
overlap_ratio_VA_6P_11P;-0.00013454733;0.35881013;91.48169
bearish_ask_abs_ratio_abv;0.00012742046;0.3398042;91.821495
poc_diff_ratio_11P_21P;0.00012708479;0.33890906;92.1604
bearish_absorption_intensity_repeat_count;-0.00011833609;0.31557804;92.475975
bullish_asc_ask_bid_delta_imbalance;-0.00011384809;0.3036095;92.77959
bullish_bid_score;0.0001121824;0.29916745;93.07875
bullish_dsc_ask_bid_delta_imbalance;0.000109161716;0.29111192;93.369865
perct_VA16P;-0.00010802278;0.28807458;93.65794
ratio_delta_vol_VA16P;-0.0001016233;0.2710085;93.928955
range_strength_5_23;-9.725734e-05;0.25936538;94.188324
bear_imbalance_low_2;-9.5925476e-05;0.25581357;94.44414
perct_VA11P;-9.4731135e-05;0.25262848;94.69677
poc_diff_ratio_6P_16P;-8.622725e-05;0.22995038;94.92672
diffVolCandle_0_1Ratio;-8.554857e-05;0.22814047;95.15486
diffLowPrice_0_4;-8.444415e-05;0.22519521;95.38006
bullish_imnbScore_score;-8.314194e-05;0.22172248;95.60178
ratio_delta_vol_VA21P;-7.956909e-05;0.21219443;95.81398
diffLowPrice_0_3;-7.4821735e-05;0.19953421;96.01351
bullish_absorption_score;7.3014155e-05;0.19471377;96.20823
imbalance_score_high;6.5468026e-05;0.1745898;96.38282
bearish_market_momentum;-6.303046e-05;0.16808929;96.55091
bearish_continuation_vs_reversal_extrem;-6.2924555e-05;0.16780688;96.71872
bearish_bid_ratio;5.9715487e-05;0.15924895;96.87797
bearish_imbalance_evolution;-5.8428213e-05;0.15581605;97.03378
VolPocVolCandleRatio;5.5185512e-05;0.14716843;97.180954
bullish_market_context_score;-5.4217144e-05;0.144586;97.32554
finished_auction_high;-5.2049163e-05;0.13880444;97.46434
bearish_abs_diff_abv;-5.062298e-05;0.1350011;97.59934
bull_imbalance_low_2;-4.9235256e-05;0.13130033;97.730644
perctBB;-4.6953704e-05;0.12521589;97.85586
bearish_asc_ask_bid_delta_imbalance;4.4966353e-05;0.11991604;97.97578
bear_imbalance_low_1;4.387522e-05;0.11700621;98.09278
bearish_ask_bid_ratio;4.0513365e-05;0.10804083;98.20082
bullish_ask_bid_ratio;-3.9496754e-05;0.10532973;98.30615
diffHighPrice_0_3;-3.6863374e-05;0.09830706;98.40446
bullish_abs_diff_blw;-3.599173e-05;0.09598255;98.50044
perct_VA6P;-3.554795e-05;0.09479909;98.595245
bullish_absorption_ratio;3.4924582e-05;0.09313669;98.688385
diffPriceClose_VA6PvaH;-3.391692e-05;0.09044947;98.77883
poc_diff_ratio_6P_11P;-3.3664775e-05;0.089777045;98.86861
bull_imbalance_low_1;-3.2408316e-05;0.086426325;98.95503
diffPriceClose_VA21PPoc;-3.1280433e-05;0.083418496;99.03845
diffHighPrice_0_5;-2.9730221e-05;0.0792844;99.11774
diffPriceClose_VA11PvaH;-2.9408699e-05;0.078426965;99.19617
count_AbvBlw_asym_ratio;-2.8547764e-05;0.07613103;99.2723
ratioDeltaBlw;2.8314025e-05;0.07550769;99.34781
overlap_ratio_VA_11P_21P;2.6280384e-05;0.07008439;99.41789
poc_diff_6P_21P;2.4843039e-05;0.066251285;99.484146
ratio_delta_vol_VA6P;2.3925408e-05;0.06380415;99.54795
ratioDeltaAbv;-2.3573728e-05;0.06286629;99.61082
diffLowPrice_0_5;-2.0403588e-05;0.054412182;99.66523
diffHighPrice_0_4;1.7182969e-05;0.04582345;99.71105
poc_diff_6P_16P;1.5324982e-05;0.040868584;99.75192
imbalance_score_low;-1.4988463e-05;0.039971154;99.79189
bullish_ask_ratio;-1.23305945e-05;0.032883164;99.824776
bullish_ask_abs_ratio_blw;-1.0780062e-05;0.028748214;99.85352
perct_VA21P;1.0221625e-05;0.027258977;99.88078
diffPriceClose_VA21PvaL;9.805296e-06;0.026148712;99.90693
bearish_absorption_score;9.143598e-06;0.024384098;99.93131
bull_imbalance_low_3;-8.602343e-06;0.022940682;99.954254
diffPriceClose_VA6PPoc;-6.618652e-06;0.017650587;99.9719
diffPriceClose_VA16PvaL;5.6381073e-06;0.015035675;99.98694
finished_auction_low;-4.913828e-06;0.0131041715;100.000046
count_blw_tot_ratio;0.0;0.0;100.000046
bullish_volume_quality;0.0;0.0;100.000046
bullish_combined_pressure;0.0;0.0;100.000046
absorption_intensity_repeat_bullish_vol;0.0;0.0;100.000046
extrem_zone_significance_bullish_extrem;0.0;0.0;100.000046
extrem_ask_bid_imbalance_bullish;0.0;0.0;100.000046
extrem_asc_dsc_comparison_bullish_extrem;0.0;0.0;100.000046
extrem_zone_significance_bearish_extrem;0.0;0.0;100.000046
extrem_asc_dsc_comparison_bearish_extrem;0.0;0.0;100.000046
bullish_extreme_volume_score;0.0;0.0;100.000046
count_abv_tot_ratio;0.0;0.0;100.000046
extrem_dsc_ratio_bullish_extrem;0.0;0.0;100.000046
extrem_asc_ratio_bullish_extrem;0.0;0.0;100.000046
deltaTimestampOpeningSection1min;0.0;0.0;100.000046
bullish_imbalance_evolution;0.0;0.0;100.000046
bearish_asc_ask_bid_imbalance;0.0;0.0;100.000046
bearish_reversal_force;0.0;0.0;100.000046
is_in_range_5_23;0.0;0.0;100.000046
is_in_range_10_32;0.0;0.0;100.000046
range_strength_10_32;0.0;0.0;100.000046
poc_diff_11P_21P;0.0;0.0;100.000046
poc_diff_6P_11P;0.0;0.0;100.000046
overlap_ratio_VA_6P_21P;0.0;0.0;100.000046
overlap_ratio_VA_6P_16P;0.0;0.0;100.000046
diffPriceClose_VA21PvaH;0.0;0.0;100.000046
diffPriceClose_VA16PPoc;0.0;0.0;100.000046
diffPriceClose_VA6PvaL;0.0;0.0;100.000046
diffPriceClosePoc_0_5;0.0;0.0;100.000046
diffPriceClosePoc_0_4;0.0;0.0;100.000046
diffPriceClosePoc_0_0;0.0;0.0;100.000046
candleSizeTicks;0.0;0.0;100.000046
deltaCustomSectionMin;0.0;0.0;100.000046
deltaTimestampOpeningSection15min;0.0;0.0;100.000046
bullish_reversal_force;0.0;0.0;100.000046
VolAbv_vol_ratio;0.0;0.0;100.000046
VolBlw_vol_ratio;0.0;0.0;100.000046
bullish_extrem_pressure_ratio_extrem;0.0;0.0;100.000046
bullish_dsc_dynamics;0.0;0.0;100.000046
bullish_asc_dsc_ratio;0.0;0.0;100.000046
bearish_asc_dsc_ratio;0.0;0.0;100.000046
bullish_repeat_ticks_ratio_extrem;0.0;0.0;100.000046
bullish_continuation_vs_reversal_extrem;0.0;0.0;100.000046
bullish_extrem_vs_rest_activity_extrem;0.0;0.0;100.000046
bullish_extrem_abs_ratio_extrem;0.0;0.0;100.000046
bullish_extrem_zone_volume_ratio_extrem;0.0;0.0;100.000046
asymetrie_volume;0.0;0.0;100.000046
bullish_extrem_revIntensity_ratio_extrem;0.0;0.0;100.000046
bullish_bid_abs_ratio_blw;0.0;0.0;100.000046
bear_imbalance_high_3;0.0;0.0;100.000046
bear_imbalance_high_1;0.0;0.0;100.000046
bull_imbalance_high_0;0.0;0.0;100.000046
bearish_bid_score;0.0;0.0;100.000046
bullish_bid_ratio;0.0;0.0;100.000046
session_type;0.0;0.0;100.000046
