feature;importance;importance_percentage;cumulative_importance_percentage
bearish_extrem_revIntensity_ratio_extrem;-0.010032028;3.8812625;3.8812625
bearish_extrem_abs_ratio_extrem;-0.009752378;3.7730699;7.654332
naked_poc_dist_above;-0.0075512864;2.9214957;10.575828
bear_imbalance_low_0;0.007003613;2.7096078;13.285436
price_volume_dynamic;0.0060887234;2.3556488;15.641085
bearish_dsc_ask_bid_delta_imbalance;0.0060394923;2.336602;17.977686
bearish_market_context_score;-0.0059105624;2.2867208;20.264406
bearish_absorption_intensity_repeat_count;0.005707545;2.208176;22.472582
bearish_combined_pressure;0.0056898473;2.2013288;24.67391
perct_VA16P;-0.005631434;2.1787293;26.85264
diffPriceCloseVWAP;-0.0053798216;2.0813837;28.934025
vol_volatility_score;-0.005350997;2.0702322;31.004257
overlap_ratio_VA_11P_21P;-0.0051132343;1.9782447;32.982502
perct_VA11P;-0.0048751184;1.8861207;34.86862
perctBB;0.0047308872;1.8303195;36.69894
bullish_asc_ask_bid_delta_imbalance;-0.0044696634;1.7292553;38.428196
ratio_delta_vol_VA21P;-0.0040942524;1.5840136;40.01221
bearish_absorption_score;-0.004042422;1.563961;41.57617
diffPriceClose_VA16PPoc;-0.003928463;1.5198718;43.096043
bullish_dsc_dynamics;0.0036828734;1.4248564;44.5209
bull_imbalance_high_0;-0.003671182;1.4203331;45.941235
bearish_repeatAskBid_ratio;-0.0036605622;1.4162245;47.35746
bear_imbalance_high_3;0.0035723846;1.3821098;48.73957
pocDeltaPocVolRatio;-0.0035074765;1.3569976;50.09657
diffLowPrice_0_2;-0.0034717757;1.3431853;51.439754
bearish_repeat_ticks_ratio_extrem;0.003420135;1.3232063;52.762962
diffVolDelta_0_1Ratio;-0.003354811;1.2979333;54.060894
bullish_repeatAskBid_ratio;-0.0031783546;1.2296644;55.290558
bearish_ask_score;-0.0031753606;1.2285062;56.519066
perct_VA21P;0.0030989181;1.1989316;57.718
poc_diff_6P_21P;-0.0030942415;1.1971222;58.91512
range_strength_5_23;0.0028947631;1.1199467;60.035065
bullish_dsc_ask_bid_delta_imbalance;-0.0028735343;1.1117336;61.146797
bull_imbalance_low_1;-0.0028398773;1.098712;62.24551
bull_imbalance_high_2;0.0028268923;1.0936884;63.3392
bearish_extrem_dsc_ratio_extrem;0.002555642;0.98874503;64.32794
bearish_asc_dsc_ratio;0.002523131;0.97616696;65.30411
finished_auction_high;-0.0024195379;0.9360881;66.2402
range_strength_10_32;-0.0023973319;0.9274969;67.167694
bearish_extrem_pressure_ratio_extrem;0.0023326976;0.9024907;68.07018
bearish_dsc_dynamics;-0.0023208754;0.89791685;68.9681
cumDiffVolDeltaRatio;-0.002214151;0.8566266;69.82473
bull_imbalance_low_2;0.0021892258;0.8469833;70.671715
VolCandleMeanxRatio;-0.0021544388;0.83352464;71.50524
bullish_combined_pressure;0.0021510029;0.8321954;72.33744
ratio_delta_vol_VA16P;0.0021270812;0.82294035;73.16038
diffPriceClose_VA6PvaL;-0.0021209868;0.82058257;73.98096
perct_VA6P;0.0020821977;0.8055755;74.78653
absorption_intensity_repeat_bearish_vol;-0.0020737844;0.80232054;75.58885
bearish_bid_score;-0.0020667939;0.799616;76.388466
deltaTimestampOpeningSection5min;-0.0020585104;0.79641116;77.184875
deltaTimestampOpeningSection1min;-0.0020345969;0.7871593;77.97204
ratioDeltaBlw;-0.0020104388;0.77781296;78.74985
bear_imbalance_high_2;-0.0019958322;0.77216184;79.52201
bandWidthBB;-0.0019521717;0.7552701;80.27728
diffLowPrice_0_5;-0.0018575671;0.7186688;80.99595
bullish_ask_bid_ratio;-0.0018148713;0.7021504;81.6981
bearish_extrem_zone_volume_ratio_extrem;0.0017877568;0.6916601;82.389755
diffPriceClosePoc_0_2;0.0017128327;0.66267294;83.05243
absorption_intensity_repeat_bullish_vol;0.0017042181;0.6593401;83.71177
bullish_market_context_score;0.0016978416;0.6568731;84.368645
diffPriceCloseVWAPbyIndex;0.0016816552;0.6506108;85.01926
bull_imbalance_low_3;-0.0016488186;0.63790673;85.657166
overlap_ratio_VA_6P_16P;-0.0016296525;0.6304916;86.28766
diffVolCandle_0_1Ratio;-0.0016191496;0.6264281;86.914085
bullish_imbalance_evolution;-0.001581791;0.6119746;87.52606
diffLowPrice_0_4;-0.0014755753;0.57088107;88.09695
diffLowPrice_0_3;0.0013339609;0.5160923;88.61304
diffPriceClose_VA21PPoc;-0.0012816696;0.49586147;89.1089
bearish_asc_ask_bid_delta_imbalance;-0.0012714469;0.49190646;89.60081
bearish_imbalance_evolution;-0.0012567876;0.48623496;90.08704
bearish_asc_dynamics;0.001177019;0.45537353;90.54242
diffPriceClosePoc_0_4;0.0011604881;0.44897795;90.991394
market_regimeADX;-0.0011304468;0.4373553;91.42875
bearish_imnbScore_score;-0.001058593;0.40955603;91.8383
diffPriceClose_VA11PvaL;0.0010036312;0.38829198;92.22659
extrem_asc_dsc_comparison_bearish_extrem;-0.0009797974;0.37907103;92.60567
poc_diff_6P_11P;-0.00096406625;0.37298486;92.97865
bearish_ask_abs_ratio_abv;0.0009510683;0.3679561;93.34661
bear_imbalance_low_2;-0.00093641295;0.36228612;93.7089
diffPriceClosePoc_0_5;0.0009319208;0.36054817;94.06945
poc_diff_ratio_11P_21P;-0.00090277055;0.3492703;94.418724
atr;0.0008820713;0.34126207;94.75999
bear_imbalance_high_1;-0.00085648877;0.3313645;95.091354
imbalance_score_low;-0.0007937874;0.30710617;95.39846
bearish_abs_diff_abv;-0.0007276649;0.28152418;95.679985
extrem_asc_ratio_bearish_extrem;0.0007002744;0.27092716;95.95091
poc_diff_ratio_6P_21P;-0.00069828593;0.27015784;96.22107
diffPriceClose_VA16PvaL;-0.0006937731;0.2684119;96.48948
diffPriceClose_VA6PPoc;-0.00066874136;0.25872743;96.74821
diffHighPrice_0_5;-0.0006485462;0.2509142;96.99912
bullish_imnbScore_score;-0.0006204516;0.24004474;97.23917
bear_imbalance_low_1;-0.00056363724;0.21806401;97.45723
bull_imbalance_high_1;-0.00045500204;0.17603444;97.63326
poc_diff_ratio_6P_16P;-0.00043156056;0.16696523;97.800224
ratio_delta_vol_VA11P;-0.00042872742;0.16586913;97.966095
bullish_absorption_ratio;-0.00042214376;0.16332199;98.12942
poc_diff_11P_21P;-0.00041595963;0.16092943;98.290344
bearish_continuation_vs_reversal_extrem;-0.00039714266;0.15364939;98.44399
VolBlw_vol_ratio;0.00039041808;0.15104774;98.59504
count_AbvBlw_asym_ratio;-0.0003839148;0.1485317;98.74357
bearish_absorption_ratio;-0.00037680325;0.14578032;98.88935
bullish_reversal_force;-0.00035007656;0.13544013;99.02479
poc_diff_ratio_6P_11P;0.00034883298;0.134959;99.159744
bearish_bid_abs_ratio_abv;0.000336922;0.1303508;99.29009
bullish_ask_ratio;-0.00028540796;0.110420674;99.40051
overlap_ratio_VA_6P_11P;-0.00022223893;0.08598139;99.486496
diffHighPrice_0_4;-0.00020807763;0.08050256;99.567
bullish_bid_ratio;-0.00018830645;0.07285335;99.639854
extrem_zone_significance_bearish_extrem;0.00013150592;0.050877947;99.690735
overlap_ratio_VA_6P_21P;-0.00012660056;0.048980128;99.739716
bearish_ask_bid_ratio;-0.00012497479;0.04835114;99.78806
diffPriceClose_VA21PvaL;-0.00010783048;0.041718226;99.82978
diffPriceClose_VA11PPoc;9.683539e-05;0.03746437;99.86725
deltaTimestampOpeningSection30min;-8.778789e-05;0.033964008;99.901215
bearish_bid_ratio;-8.042505e-05;0.03111542;99.93233
bullish_asc_dsc_ratio;-7.030439e-05;0.027199866;99.959526
bullish_ask_score;6.652298e-05;0.025736887;99.98526
imbalance_score_high;-3.8116756e-05;0.014746883;100.00001
bullish_absorption_score;0.0;0.0;100.00001
count_abv_tot_ratio;0.0;0.0;100.00001
bullish_absorption_intensity_repeat_count;0.0;0.0;100.00001
bullish_dsc_ask_bid_imbalance;0.0;0.0;100.00001
extrem_ask_bid_imbalance_bearish_extrem;0.0;0.0;100.00001
extrem_asc_ratio_bullish_extrem;0.0;0.0;100.00001
extrem_ask_bid_imbalance_bullish;0.0;0.0;100.00001
extrem_dsc_ratio_bullish_extrem;0.0;0.0;100.00001
bullish_asc_ask_bid_imbalance;0.0;0.0;100.00001
count_blw_tot_ratio;0.0;0.0;100.00001
extrem_asc_dsc_comparison_bullish_extrem;0.0;0.0;100.00001
extrem_zone_significance_bullish_extrem;0.0;0.0;100.00001
bullish_bid_score;0.0;0.0;100.00001
bearish_dsc_ask_bid_imbalance;0.0;0.0;100.00001
ratio_delta_vol_VA6P;0.0;0.0;100.00001
is_in_range_5_23;0.0;0.0;100.00001
is_in_range_10_32;0.0;0.0;100.00001
poc_diff_6P_16P;0.0;0.0;100.00001
diffPriceClose_VA21PvaH;0.0;0.0;100.00001
diffPriceClose_VA16PvaH;0.0;0.0;100.00001
diffPriceClose_VA11PvaH;0.0;0.0;100.00001
diffPriceClose_VA6PvaH;0.0;0.0;100.00001
diffLowPrice_0_1;0.0;0.0;100.00001
bearish_asc_ask_bid_imbalance;0.0;0.0;100.00001
diffHighPrice_0_3;0.0;0.0;100.00001
diffHighPrice_0_2;0.0;0.0;100.00001
diffHighPrice_0_1;0.0;0.0;100.00001
diffPriceClosePoc_0_3;0.0;0.0;100.00001
diffPriceClosePoc_0_1;0.0;0.0;100.00001
diffPriceClosePoc_0_0;0.0;0.0;100.00001
candleSizeTicks;0.0;0.0;100.00001
bearish_reversal_force;0.0;0.0;100.00001
ratioDeltaAbv;0.0;0.0;100.00001
VolPocVolCandleRatio;0.0;0.0;100.00001
VolAbv_vol_ratio;0.0;0.0;100.00001
bullish_asc_dynamics;0.0;0.0;100.00001
bullish_repeat_ticks_ratio_extrem;0.0;0.0;100.00001
bullish_continuation_vs_reversal_extrem;0.0;0.0;100.00001
bullish_extrem_vs_rest_activity_extrem;0.0;0.0;100.00001
bearish_extrem_vs_rest_activity_extrem;0.0;0.0;100.00001
bullish_extrem_abs_ratio_extrem;0.0;0.0;100.00001
bullish_extrem_pressure_ratio_extrem;0.0;0.0;100.00001
bullish_extrem_zone_volume_ratio_extrem;0.0;0.0;100.00001
bullish_extrem_revIntensity_ratio_extrem;0.0;0.0;100.00001
bullish_abs_diff_blw;0.0;0.0;100.00001
bullish_bid_abs_ratio_blw;0.0;0.0;100.00001
bullish_ask_abs_ratio_blw;0.0;0.0;100.00001
finished_auction_low;0.0;0.0;100.00001
bearish_ask_ratio;0.0;0.0;100.00001
asymetrie_volume;0.0;0.0;100.00001
naked_poc_dist_below;0.0;0.0;100.00001
